20210604,10:11,12.00,12.00,12.00,12.00,601,21600
20210604,10:28,11.00,11.00,11.00,11.00,600,21600
