20200707,14:11,10.15,10.15,10.15,10.15,3201,9600